278 273 -800 278 273 0 0 1 0
256 256 256 256 100
0.0 548.0 0.0 71.0 548.0 0.0 71.0 548.0 186.4 0.0 548.0 186.4 0.0 -1.0 0.0
 0.0 0.0 0.0 0.8 0.8 0.8
71.0 548.0 0.0 142.0 548.0 0.0 142.0 548.0 186.4 71.0 548.0 186.4 0.0 -1.0 0.0
 0.0 0.0 0.0 0.8 0.8 0.8
142.0 548.0 0.0 213.0 548.0 0.0 213.0 548.0 186.4 142.0 548.0 186.4 0.0 -1.0 0.0
 0.0 0.0 0.0 0.8 0.8 0.8
0.0 548.0 186.4 71.0 548.0 186.4 71.0 548.0 372.8 0.0 548.0 372.8 0.0 -1.0 0.0
 0.0 0.0 0.0 0.8 0.8 0.8
71.0 548.0 186.4 142.0 548.0 186.4 142.0 548.0 372.8 71.0 548.0 372.8 0.0 -1.0 0.0
 0.0 0.0 0.0 0.8 0.8 0.8
142.0 548.0 186.4 213.0 548.0 186.4 213.0 548.0 372.8 142.0 548.0 372.8 0.0 -1.0 0.0
 0.0 0.0 0.0 0.8 0.8 0.8
0.0 548.0 372.8 71.0 548.0 372.8 71.0 548.0 559.2 0.0 548.0 559.2 0.0 -1.0 0.0
 0.0 0.0 0.0 0.8 0.8 0.8
71.0 548.0 372.8 142.0 548.0 372.8 142.0 548.0 559.2 71.0 548.0 559.2 0.0 -1.0 0.0
 0.0 0.0 0.0 0.8 0.8 0.8
142.0 548.0 372.8 213.0 548.0 372.8 213.0 548.0 559.2 142.0 548.0 559.2 0.0 -1.0 0.0
 0.0 0.0 0.0 0.8 0.8 0.8
213.0 548.0 0.0 256.3333333333333 548.0 0.0 256.3333333333333 548.0 75.66666666666667 213.0 548.0 75.66666666666667 0.0 -1.0 0.0
 0.0 0.0 0.0 0.8 0.8 0.8
256.3333333333333 548.0 0.0 299.66666666666663 548.0 0.0 299.66666666666663 548.0 75.66666666666667 256.3333333333333 548.0 75.66666666666667 0.0 -1.0 0.0
 0.0 0.0 0.0 0.8 0.8 0.8
299.66666666666663 548.0 0.0 342.99999999999994 548.0 0.0 342.99999999999994 548.0 75.66666666666667 299.66666666666663 548.0 75.66666666666667 0.0 -1.0 0.0
 0.0 0.0 0.0 0.8 0.8 0.8
213.0 548.0 75.66666666666667 256.3333333333333 548.0 75.66666666666667 256.3333333333333 548.0 151.33333333333334 213.0 548.0 151.33333333333334 0.0 -1.0 0.0
 0.0 0.0 0.0 0.8 0.8 0.8
256.3333333333333 548.0 75.66666666666667 299.66666666666663 548.0 75.66666666666667 299.66666666666663 548.0 151.33333333333334 256.3333333333333 548.0 151.33333333333334 0.0 -1.0 0.0
 0.0 0.0 0.0 0.8 0.8 0.8
299.66666666666663 548.0 75.66666666666667 342.99999999999994 548.0 75.66666666666667 342.99999999999994 548.0 151.33333333333334 299.66666666666663 548.0 151.33333333333334 0.0 -1.0 0.0
 0.0 0.0 0.0 0.8 0.8 0.8
213.0 548.0 151.33333333333334 256.3333333333333 548.0 151.33333333333334 256.3333333333333 548.0 227.0 213.0 548.0 227.0 0.0 -1.0 0.0
 0.0 0.0 0.0 0.8 0.8 0.8
256.3333333333333 548.0 151.33333333333334 299.66666666666663 548.0 151.33333333333334 299.66666666666663 548.0 227.0 256.3333333333333 548.0 227.0 0.0 -1.0 0.0
 0.0 0.0 0.0 0.8 0.8 0.8
299.66666666666663 548.0 151.33333333333334 342.99999999999994 548.0 151.33333333333334 342.99999999999994 548.0 227.0 299.66666666666663 548.0 227.0 0.0 -1.0 0.0
 0.0 0.0 0.0 0.8 0.8 0.8
213.0 548.0 332.0 256.3333333333333 548.0 332.0 256.3333333333333 548.0 407.73333333333335 213.0 548.0 407.73333333333335 0.0 -1.0 0.0
 0.0 0.0 0.0 0.8 0.8 0.8
256.3333333333333 548.0 332.0 299.66666666666663 548.0 332.0 299.66666666666663 548.0 407.73333333333335 256.3333333333333 548.0 407.73333333333335 0.0 -1.0 0.0
 0.0 0.0 0.0 0.8 0.8 0.8
299.66666666666663 548.0 332.0 342.99999999999994 548.0 332.0 342.99999999999994 548.0 407.73333333333335 299.66666666666663 548.0 407.73333333333335 0.0 -1.0 0.0
 0.0 0.0 0.0 0.8 0.8 0.8
213.0 548.0 407.73333333333335 256.3333333333333 548.0 407.73333333333335 256.3333333333333 548.0 483.4666666666667 213.0 548.0 483.4666666666667 0.0 -1.0 0.0
 0.0 0.0 0.0 0.8 0.8 0.8
256.3333333333333 548.0 407.73333333333335 299.66666666666663 548.0 407.73333333333335 299.66666666666663 548.0 483.4666666666667 256.3333333333333 548.0 483.4666666666667 0.0 -1.0 0.0
 0.0 0.0 0.0 0.8 0.8 0.8
299.66666666666663 548.0 407.73333333333335 342.99999999999994 548.0 407.73333333333335 342.99999999999994 548.0 483.4666666666667 299.66666666666663 548.0 483.4666666666667 0.0 -1.0 0.0
 0.0 0.0 0.0 0.8 0.8 0.8
213.0 548.0 483.4666666666667 256.3333333333333 548.0 483.4666666666667 256.3333333333333 548.0 559.2 213.0 548.0 559.2 0.0 -1.0 0.0
 0.0 0.0 0.0 0.8 0.8 0.8
256.3333333333333 548.0 483.4666666666667 299.66666666666663 548.0 483.4666666666667 299.66666666666663 548.0 559.2 256.3333333333333 548.0 559.2 0.0 -1.0 0.0
 0.0 0.0 0.0 0.8 0.8 0.8
299.66666666666663 548.0 483.4666666666667 342.99999999999994 548.0 483.4666666666667 342.99999999999994 548.0 559.2 299.66666666666663 548.0 559.2 0.0 -1.0 0.0
 0.0 0.0 0.0 0.8 0.8 0.8
343.0 548.0 0.0 414.0 548.0 0.0 414.0 548.0 186.4 343.0 548.0 186.4 0.0 -1.0 0.0
 0.0 0.0 0.0 0.8 0.8 0.8
414.0 548.0 0.0 485.0 548.0 0.0 485.0 548.0 186.4 414.0 548.0 186.4 0.0 -1.0 0.0
 0.0 0.0 0.0 0.8 0.8 0.8
485.0 548.0 0.0 556.0 548.0 0.0 556.0 548.0 186.4 485.0 548.0 186.4 0.0 -1.0 0.0
 0.0 0.0 0.0 0.8 0.8 0.8
343.0 548.0 186.4 414.0 548.0 186.4 414.0 548.0 372.8 343.0 548.0 372.8 0.0 -1.0 0.0
 0.0 0.0 0.0 0.8 0.8 0.8
414.0 548.0 186.4 485.0 548.0 186.4 485.0 548.0 372.8 414.0 548.0 372.8 0.0 -1.0 0.0
 0.0 0.0 0.0 0.8 0.8 0.8
485.0 548.0 186.4 556.0 548.0 186.4 556.0 548.0 372.8 485.0 548.0 372.8 0.0 -1.0 0.0
 0.0 0.0 0.0 0.8 0.8 0.8
343.0 548.0 372.8 414.0 548.0 372.8 414.0 548.0 559.2 343.0 548.0 559.2 0.0 -1.0 0.0
 0.0 0.0 0.0 0.8 0.8 0.8
414.0 548.0 372.8 485.0 548.0 372.8 485.0 548.0 559.2 414.0 548.0 559.2 0.0 -1.0 0.0
 0.0 0.0 0.0 0.8 0.8 0.8
485.0 548.0 372.8 556.0 548.0 372.8 556.0 548.0 559.2 485.0 548.0 559.2 0.0 -1.0 0.0
 0.0 0.0 0.0 0.8 0.8 0.8
213.0 548.0 227.0 256.3333333333333 548.0 227.0 256.3333333333333 548.0 262.06666666666666 213.0 548.0 262.06666666666666 0.0 -1.0 0.0
 1.0 1.0 1.0 0.8 0.8 0.8
256.3333333333333 548.0 227.0 299.66666666666663 548.0 227.0 299.66666666666663 548.0 262.06666666666666 256.3333333333333 548.0 262.06666666666666 0.0 -1.0 0.0
 1.0 1.0 1.0 0.8 0.8 0.8
299.66666666666663 548.0 227.0 342.99999999999994 548.0 227.0 342.99999999999994 548.0 262.06666666666666 299.66666666666663 548.0 262.06666666666666 0.0 -1.0 0.0
 1.0 1.0 1.0 0.8 0.8 0.8
213.0 548.0 262.06666666666666 256.3333333333333 548.0 262.06666666666666 256.3333333333333 548.0 297.1333333333333 213.0 548.0 297.1333333333333 0.0 -1.0 0.0
 1.0 1.0 1.0 0.8 0.8 0.8
256.3333333333333 548.0 262.06666666666666 299.66666666666663 548.0 262.06666666666666 299.66666666666663 548.0 297.1333333333333 256.3333333333333 548.0 297.1333333333333 0.0 -1.0 0.0
 1.0 1.0 1.0 0.8 0.8 0.8
299.66666666666663 548.0 262.06666666666666 342.99999999999994 548.0 262.06666666666666 342.99999999999994 548.0 297.1333333333333 299.66666666666663 548.0 297.1333333333333 0.0 -1.0 0.0
 1.0 1.0 1.0 0.8 0.8 0.8
213.0 548.0 297.1333333333333 256.3333333333333 548.0 297.1333333333333 256.3333333333333 548.0 332.2 213.0 548.0 332.2 0.0 -1.0 0.0
 1.0 1.0 1.0 0.8 0.8 0.8
256.3333333333333 548.0 297.1333333333333 299.66666666666663 548.0 297.1333333333333 299.66666666666663 548.0 332.2 256.3333333333333 548.0 332.2 0.0 -1.0 0.0
 1.0 1.0 1.0 0.8 0.8 0.8
299.66666666666663 548.0 297.1333333333333 342.99999999999994 548.0 297.1333333333333 342.99999999999994 548.0 332.2 299.66666666666663 548.0 332.2 0.0 -1.0 0.0
 1.0 1.0 1.0 0.8 0.8 0.8
0.0 0.0 0.0 69.5 0.0 0.0 69.5 0.0 69.9 0.0 0.0 69.9 0.0 1.0 0.0
 0.0 0.0 0.0 0.8 0.8 0.8
69.5 0.0 0.0 139.0 0.0 0.0 139.0 0.0 69.9 69.5 0.0 69.9 0.0 1.0 0.0
 0.0 0.0 0.0 0.8 0.8 0.8
139.0 0.0 0.0 208.5 0.0 0.0 208.5 0.0 69.9 139.0 0.0 69.9 0.0 1.0 0.0
 0.0 0.0 0.0 0.8 0.8 0.8
208.5 0.0 0.0 278.0 0.0 0.0 278.0 0.0 69.9 208.5 0.0 69.9 0.0 1.0 0.0
 0.0 0.0 0.0 0.8 0.8 0.8
278.0 0.0 0.0 347.5 0.0 0.0 347.5 0.0 69.9 278.0 0.0 69.9 0.0 1.0 0.0
 0.0 0.0 0.0 0.8 0.8 0.8
347.5 0.0 0.0 417.0 0.0 0.0 417.0 0.0 69.9 347.5 0.0 69.9 0.0 1.0 0.0
 0.0 0.0 0.0 0.8 0.8 0.8
417.0 0.0 0.0 486.5 0.0 0.0 486.5 0.0 69.9 417.0 0.0 69.9 0.0 1.0 0.0
 0.0 0.0 0.0 0.8 0.8 0.8
486.5 0.0 0.0 556.0 0.0 0.0 556.0 0.0 69.9 486.5 0.0 69.9 0.0 1.0 0.0
 0.0 0.0 0.0 0.8 0.8 0.8
0.0 0.0 69.9 69.5 0.0 69.9 69.5 0.0 139.8 0.0 0.0 139.8 0.0 1.0 0.0
 0.0 0.0 0.0 0.8 0.8 0.8
69.5 0.0 69.9 139.0 0.0 69.9 139.0 0.0 139.8 69.5 0.0 139.8 0.0 1.0 0.0
 0.0 0.0 0.0 0.8 0.8 0.8
139.0 0.0 69.9 208.5 0.0 69.9 208.5 0.0 139.8 139.0 0.0 139.8 0.0 1.0 0.0
 0.0 0.0 0.0 0.8 0.8 0.8
208.5 0.0 69.9 278.0 0.0 69.9 278.0 0.0 139.8 208.5 0.0 139.8 0.0 1.0 0.0
 0.0 0.0 0.0 0.8 0.8 0.8
278.0 0.0 69.9 347.5 0.0 69.9 347.5 0.0 139.8 278.0 0.0 139.8 0.0 1.0 0.0
 0.0 0.0 0.0 0.8 0.8 0.8
347.5 0.0 69.9 417.0 0.0 69.9 417.0 0.0 139.8 347.5 0.0 139.8 0.0 1.0 0.0
 0.0 0.0 0.0 0.8 0.8 0.8
417.0 0.0 69.9 486.5 0.0 69.9 486.5 0.0 139.8 417.0 0.0 139.8 0.0 1.0 0.0
 0.0 0.0 0.0 0.8 0.8 0.8
486.5 0.0 69.9 556.0 0.0 69.9 556.0 0.0 139.8 486.5 0.0 139.8 0.0 1.0 0.0
 0.0 0.0 0.0 0.8 0.8 0.8
0.0 0.0 139.8 69.5 0.0 139.8 69.5 0.0 209.70000000000002 0.0 0.0 209.70000000000002 0.0 1.0 0.0
 0.0 0.0 0.0 0.8 0.8 0.8
69.5 0.0 139.8 139.0 0.0 139.8 139.0 0.0 209.70000000000002 69.5 0.0 209.70000000000002 0.0 1.0 0.0
 0.0 0.0 0.0 0.8 0.8 0.8
139.0 0.0 139.8 208.5 0.0 139.8 208.5 0.0 209.70000000000002 139.0 0.0 209.70000000000002 0.0 1.0 0.0
 0.0 0.0 0.0 0.8 0.8 0.8
208.5 0.0 139.8 278.0 0.0 139.8 278.0 0.0 209.70000000000002 208.5 0.0 209.70000000000002 0.0 1.0 0.0
 0.0 0.0 0.0 0.8 0.8 0.8
278.0 0.0 139.8 347.5 0.0 139.8 347.5 0.0 209.70000000000002 278.0 0.0 209.70000000000002 0.0 1.0 0.0
 0.0 0.0 0.0 0.8 0.8 0.8
347.5 0.0 139.8 417.0 0.0 139.8 417.0 0.0 209.70000000000002 347.5 0.0 209.70000000000002 0.0 1.0 0.0
 0.0 0.0 0.0 0.8 0.8 0.8
417.0 0.0 139.8 486.5 0.0 139.8 486.5 0.0 209.70000000000002 417.0 0.0 209.70000000000002 0.0 1.0 0.0
 0.0 0.0 0.0 0.8 0.8 0.8
486.5 0.0 139.8 556.0 0.0 139.8 556.0 0.0 209.70000000000002 486.5 0.0 209.70000000000002 0.0 1.0 0.0
 0.0 0.0 0.0 0.8 0.8 0.8
0.0 0.0 209.70000000000002 69.5 0.0 209.70000000000002 69.5 0.0 279.6 0.0 0.0 279.6 0.0 1.0 0.0
 0.0 0.0 0.0 0.8 0.8 0.8
69.5 0.0 209.70000000000002 139.0 0.0 209.70000000000002 139.0 0.0 279.6 69.5 0.0 279.6 0.0 1.0 0.0
 0.0 0.0 0.0 0.8 0.8 0.8
139.0 0.0 209.70000000000002 208.5 0.0 209.70000000000002 208.5 0.0 279.6 139.0 0.0 279.6 0.0 1.0 0.0
 0.0 0.0 0.0 0.8 0.8 0.8
208.5 0.0 209.70000000000002 278.0 0.0 209.70000000000002 278.0 0.0 279.6 208.5 0.0 279.6 0.0 1.0 0.0
 0.0 0.0 0.0 0.8 0.8 0.8
278.0 0.0 209.70000000000002 347.5 0.0 209.70000000000002 347.5 0.0 279.6 278.0 0.0 279.6 0.0 1.0 0.0
 0.0 0.0 0.0 0.8 0.8 0.8
347.5 0.0 209.70000000000002 417.0 0.0 209.70000000000002 417.0 0.0 279.6 347.5 0.0 279.6 0.0 1.0 0.0
 0.0 0.0 0.0 0.8 0.8 0.8
417.0 0.0 209.70000000000002 486.5 0.0 209.70000000000002 486.5 0.0 279.6 417.0 0.0 279.6 0.0 1.0 0.0
 0.0 0.0 0.0 0.8 0.8 0.8
486.5 0.0 209.70000000000002 556.0 0.0 209.70000000000002 556.0 0.0 279.6 486.5 0.0 279.6 0.0 1.0 0.0
 0.0 0.0 0.0 0.8 0.8 0.8
0.0 0.0 279.6 69.5 0.0 279.6 69.5 0.0 349.5 0.0 0.0 349.5 0.0 1.0 0.0
 0.0 0.0 0.0 0.8 0.8 0.8
69.5 0.0 279.6 139.0 0.0 279.6 139.0 0.0 349.5 69.5 0.0 349.5 0.0 1.0 0.0
 0.0 0.0 0.0 0.8 0.8 0.8
139.0 0.0 279.6 208.5 0.0 279.6 208.5 0.0 349.5 139.0 0.0 349.5 0.0 1.0 0.0
 0.0 0.0 0.0 0.8 0.8 0.8
208.5 0.0 279.6 278.0 0.0 279.6 278.0 0.0 349.5 208.5 0.0 349.5 0.0 1.0 0.0
 0.0 0.0 0.0 0.8 0.8 0.8
278.0 0.0 279.6 347.5 0.0 279.6 347.5 0.0 349.5 278.0 0.0 349.5 0.0 1.0 0.0
 0.0 0.0 0.0 0.8 0.8 0.8
347.5 0.0 279.6 417.0 0.0 279.6 417.0 0.0 349.5 347.5 0.0 349.5 0.0 1.0 0.0
 0.0 0.0 0.0 0.8 0.8 0.8
417.0 0.0 279.6 486.5 0.0 279.6 486.5 0.0 349.5 417.0 0.0 349.5 0.0 1.0 0.0
 0.0 0.0 0.0 0.8 0.8 0.8
486.5 0.0 279.6 556.0 0.0 279.6 556.0 0.0 349.5 486.5 0.0 349.5 0.0 1.0 0.0
 0.0 0.0 0.0 0.8 0.8 0.8
0.0 0.0 349.5 69.5 0.0 349.5 69.5 0.0 419.4 0.0 0.0 419.4 0.0 1.0 0.0
 0.0 0.0 0.0 0.8 0.8 0.8
69.5 0.0 349.5 139.0 0.0 349.5 139.0 0.0 419.4 69.5 0.0 419.4 0.0 1.0 0.0
 0.0 0.0 0.0 0.8 0.8 0.8
139.0 0.0 349.5 208.5 0.0 349.5 208.5 0.0 419.4 139.0 0.0 419.4 0.0 1.0 0.0
 0.0 0.0 0.0 0.8 0.8 0.8
208.5 0.0 349.5 278.0 0.0 349.5 278.0 0.0 419.4 208.5 0.0 419.4 0.0 1.0 0.0
 0.0 0.0 0.0 0.8 0.8 0.8
278.0 0.0 349.5 347.5 0.0 349.5 347.5 0.0 419.4 278.0 0.0 419.4 0.0 1.0 0.0
 0.0 0.0 0.0 0.8 0.8 0.8
347.5 0.0 349.5 417.0 0.0 349.5 417.0 0.0 419.4 347.5 0.0 419.4 0.0 1.0 0.0
 0.0 0.0 0.0 0.8 0.8 0.8
417.0 0.0 349.5 486.5 0.0 349.5 486.5 0.0 419.4 417.0 0.0 419.4 0.0 1.0 0.0
 0.0 0.0 0.0 0.8 0.8 0.8
486.5 0.0 349.5 556.0 0.0 349.5 556.0 0.0 419.4 486.5 0.0 419.4 0.0 1.0 0.0
 0.0 0.0 0.0 0.8 0.8 0.8
0.0 0.0 419.4 69.5 0.0 419.4 69.5 0.0 489.29999999999995 0.0 0.0 489.29999999999995 0.0 1.0 0.0
 0.0 0.0 0.0 0.8 0.8 0.8
69.5 0.0 419.4 139.0 0.0 419.4 139.0 0.0 489.29999999999995 69.5 0.0 489.29999999999995 0.0 1.0 0.0
 0.0 0.0 0.0 0.8 0.8 0.8
139.0 0.0 419.4 208.5 0.0 419.4 208.5 0.0 489.29999999999995 139.0 0.0 489.29999999999995 0.0 1.0 0.0
 0.0 0.0 0.0 0.8 0.8 0.8
208.5 0.0 419.4 278.0 0.0 419.4 278.0 0.0 489.29999999999995 208.5 0.0 489.29999999999995 0.0 1.0 0.0
 0.0 0.0 0.0 0.8 0.8 0.8
278.0 0.0 419.4 347.5 0.0 419.4 347.5 0.0 489.29999999999995 278.0 0.0 489.29999999999995 0.0 1.0 0.0
 0.0 0.0 0.0 0.8 0.8 0.8
347.5 0.0 419.4 417.0 0.0 419.4 417.0 0.0 489.29999999999995 347.5 0.0 489.29999999999995 0.0 1.0 0.0
 0.0 0.0 0.0 0.8 0.8 0.8
417.0 0.0 419.4 486.5 0.0 419.4 486.5 0.0 489.29999999999995 417.0 0.0 489.29999999999995 0.0 1.0 0.0
 0.0 0.0 0.0 0.8 0.8 0.8
486.5 0.0 419.4 556.0 0.0 419.4 556.0 0.0 489.29999999999995 486.5 0.0 489.29999999999995 0.0 1.0 0.0
 0.0 0.0 0.0 0.8 0.8 0.8
0.0 0.0 489.29999999999995 69.5 0.0 489.29999999999995 69.5 0.0 559.1999999999999 0.0 0.0 559.1999999999999 0.0 1.0 0.0
 0.0 0.0 0.0 0.8 0.8 0.8
69.5 0.0 489.29999999999995 139.0 0.0 489.29999999999995 139.0 0.0 559.1999999999999 69.5 0.0 559.1999999999999 0.0 1.0 0.0
 0.0 0.0 0.0 0.8 0.8 0.8
139.0 0.0 489.29999999999995 208.5 0.0 489.29999999999995 208.5 0.0 559.1999999999999 139.0 0.0 559.1999999999999 0.0 1.0 0.0
 0.0 0.0 0.0 0.8 0.8 0.8
208.5 0.0 489.29999999999995 278.0 0.0 489.29999999999995 278.0 0.0 559.1999999999999 208.5 0.0 559.1999999999999 0.0 1.0 0.0
 0.0 0.0 0.0 0.8 0.8 0.8
278.0 0.0 489.29999999999995 347.5 0.0 489.29999999999995 347.5 0.0 559.1999999999999 278.0 0.0 559.1999999999999 0.0 1.0 0.0
 0.0 0.0 0.0 0.8 0.8 0.8
347.5 0.0 489.29999999999995 417.0 0.0 489.29999999999995 417.0 0.0 559.1999999999999 347.5 0.0 559.1999999999999 0.0 1.0 0.0
 0.0 0.0 0.0 0.8 0.8 0.8
417.0 0.0 489.29999999999995 486.5 0.0 489.29999999999995 486.5 0.0 559.1999999999999 417.0 0.0 559.1999999999999 0.0 1.0 0.0
 0.0 0.0 0.0 0.8 0.8 0.8
486.5 0.0 489.29999999999995 556.0 0.0 489.29999999999995 556.0 0.0 559.1999999999999 486.5 0.0 559.1999999999999 0.0 1.0 0.0
 0.0 0.0 0.0 0.8 0.8 0.8
0.0 0.0 559.2 69.5 0.0 559.2 69.5 68.525 559.2 0.0 68.525 559.2 0.0 0.0 -1.0
 0.0 0.0 0.0 0.8 0.8 0.8
69.5 0.0 559.2 139.0 0.0 559.2 139.0 68.525 559.2 69.5 68.525 559.2 0.0 0.0 -1.0
 0.0 0.0 0.0 0.8 0.8 0.8
139.0 0.0 559.2 208.5 0.0 559.2 208.5 68.525 559.2 139.0 68.525 559.2 0.0 0.0 -1.0
 0.0 0.0 0.0 0.8 0.8 0.8
208.5 0.0 559.2 278.0 0.0 559.2 278.0 68.525 559.2 208.5 68.525 559.2 0.0 0.0 -1.0
 0.0 0.0 0.0 0.8 0.8 0.8
278.0 0.0 559.2 347.5 0.0 559.2 347.5 68.525 559.2 278.0 68.525 559.2 0.0 0.0 -1.0
 0.0 0.0 0.0 0.8 0.8 0.8
347.5 0.0 559.2 417.0 0.0 559.2 417.0 68.525 559.2 347.5 68.525 559.2 0.0 0.0 -1.0
 0.0 0.0 0.0 0.8 0.8 0.8
417.0 0.0 559.2 486.5 0.0 559.2 486.5 68.525 559.2 417.0 68.525 559.2 0.0 0.0 -1.0
 0.0 0.0 0.0 0.8 0.8 0.8
486.5 0.0 559.2 556.0 0.0 559.2 556.0 68.525 559.2 486.5 68.525 559.2 0.0 0.0 -1.0
 0.0 0.0 0.0 0.8 0.8 0.8
0.0 68.525 559.2 69.5 68.525 559.2 69.5 137.05 559.2 0.0 137.05 559.2 0.0 0.0 -1.0
 0.0 0.0 0.0 0.8 0.8 0.8
69.5 68.525 559.2 139.0 68.525 559.2 139.0 137.05 559.2 69.5 137.05 559.2 0.0 0.0 -1.0
 0.0 0.0 0.0 0.8 0.8 0.8
139.0 68.525 559.2 208.5 68.525 559.2 208.5 137.05 559.2 139.0 137.05 559.2 0.0 0.0 -1.0
 0.0 0.0 0.0 0.8 0.8 0.8
208.5 68.525 559.2 278.0 68.525 559.2 278.0 137.05 559.2 208.5 137.05 559.2 0.0 0.0 -1.0
 0.0 0.0 0.0 0.8 0.8 0.8
278.0 68.525 559.2 347.5 68.525 559.2 347.5 137.05 559.2 278.0 137.05 559.2 0.0 0.0 -1.0
 0.0 0.0 0.0 0.8 0.8 0.8
347.5 68.525 559.2 417.0 68.525 559.2 417.0 137.05 559.2 347.5 137.05 559.2 0.0 0.0 -1.0
 0.0 0.0 0.0 0.8 0.8 0.8
417.0 68.525 559.2 486.5 68.525 559.2 486.5 137.05 559.2 417.0 137.05 559.2 0.0 0.0 -1.0
 0.0 0.0 0.0 0.8 0.8 0.8
486.5 68.525 559.2 556.0 68.525 559.2 556.0 137.05 559.2 486.5 137.05 559.2 0.0 0.0 -1.0
 0.0 0.0 0.0 0.8 0.8 0.8
0.0 137.05 559.2 69.5 137.05 559.2 69.5 205.57500000000002 559.2 0.0 205.57500000000002 559.2 0.0 0.0 -1.0
 0.0 0.0 0.0 0.8 0.8 0.8
69.5 137.05 559.2 139.0 137.05 559.2 139.0 205.57500000000002 559.2 69.5 205.57500000000002 559.2 0.0 0.0 -1.0
 0.0 0.0 0.0 0.8 0.8 0.8
139.0 137.05 559.2 208.5 137.05 559.2 208.5 205.57500000000002 559.2 139.0 205.57500000000002 559.2 0.0 0.0 -1.0
 0.0 0.0 0.0 0.8 0.8 0.8
208.5 137.05 559.2 278.0 137.05 559.2 278.0 205.57500000000002 559.2 208.5 205.57500000000002 559.2 0.0 0.0 -1.0
 0.0 0.0 0.0 0.8 0.8 0.8
278.0 137.05 559.2 347.5 137.05 559.2 347.5 205.57500000000002 559.2 278.0 205.57500000000002 559.2 0.0 0.0 -1.0
 0.0 0.0 0.0 0.8 0.8 0.8
347.5 137.05 559.2 417.0 137.05 559.2 417.0 205.57500000000002 559.2 347.5 205.57500000000002 559.2 0.0 0.0 -1.0
 0.0 0.0 0.0 0.8 0.8 0.8
417.0 137.05 559.2 486.5 137.05 559.2 486.5 205.57500000000002 559.2 417.0 205.57500000000002 559.2 0.0 0.0 -1.0
 0.0 0.0 0.0 0.8 0.8 0.8
486.5 137.05 559.2 556.0 137.05 559.2 556.0 205.57500000000002 559.2 486.5 205.57500000000002 559.2 0.0 0.0 -1.0
 0.0 0.0 0.0 0.8 0.8 0.8
0.0 205.57500000000002 559.2 69.5 205.57500000000002 559.2 69.5 274.1 559.2 0.0 274.1 559.2 0.0 0.0 -1.0
 0.0 0.0 0.0 0.8 0.8 0.8
69.5 205.57500000000002 559.2 139.0 205.57500000000002 559.2 139.0 274.1 559.2 69.5 274.1 559.2 0.0 0.0 -1.0
 0.0 0.0 0.0 0.8 0.8 0.8
139.0 205.57500000000002 559.2 208.5 205.57500000000002 559.2 208.5 274.1 559.2 139.0 274.1 559.2 0.0 0.0 -1.0
 0.0 0.0 0.0 0.8 0.8 0.8
208.5 205.57500000000002 559.2 278.0 205.57500000000002 559.2 278.0 274.1 559.2 208.5 274.1 559.2 0.0 0.0 -1.0
 0.0 0.0 0.0 0.8 0.8 0.8
278.0 205.57500000000002 559.2 347.5 205.57500000000002 559.2 347.5 274.1 559.2 278.0 274.1 559.2 0.0 0.0 -1.0
 0.0 0.0 0.0 0.8 0.8 0.8
347.5 205.57500000000002 559.2 417.0 205.57500000000002 559.2 417.0 274.1 559.2 347.5 274.1 559.2 0.0 0.0 -1.0
 0.0 0.0 0.0 0.8 0.8 0.8
417.0 205.57500000000002 559.2 486.5 205.57500000000002 559.2 486.5 274.1 559.2 417.0 274.1 559.2 0.0 0.0 -1.0
 0.0 0.0 0.0 0.8 0.8 0.8
486.5 205.57500000000002 559.2 556.0 205.57500000000002 559.2 556.0 274.1 559.2 486.5 274.1 559.2 0.0 0.0 -1.0
 0.0 0.0 0.0 0.8 0.8 0.8
0.0 274.1 559.2 69.5 274.1 559.2 69.5 342.625 559.2 0.0 342.625 559.2 0.0 0.0 -1.0
 0.0 0.0 0.0 0.8 0.8 0.8
69.5 274.1 559.2 139.0 274.1 559.2 139.0 342.625 559.2 69.5 342.625 559.2 0.0 0.0 -1.0
 0.0 0.0 0.0 0.8 0.8 0.8
139.0 274.1 559.2 208.5 274.1 559.2 208.5 342.625 559.2 139.0 342.625 559.2 0.0 0.0 -1.0
 0.0 0.0 0.0 0.8 0.8 0.8
208.5 274.1 559.2 278.0 274.1 559.2 278.0 342.625 559.2 208.5 342.625 559.2 0.0 0.0 -1.0
 0.0 0.0 0.0 0.8 0.8 0.8
278.0 274.1 559.2 347.5 274.1 559.2 347.5 342.625 559.2 278.0 342.625 559.2 0.0 0.0 -1.0
 0.0 0.0 0.0 0.8 0.8 0.8
347.5 274.1 559.2 417.0 274.1 559.2 417.0 342.625 559.2 347.5 342.625 559.2 0.0 0.0 -1.0
 0.0 0.0 0.0 0.8 0.8 0.8
417.0 274.1 559.2 486.5 274.1 559.2 486.5 342.625 559.2 417.0 342.625 559.2 0.0 0.0 -1.0
 0.0 0.0 0.0 0.8 0.8 0.8
486.5 274.1 559.2 556.0 274.1 559.2 556.0 342.625 559.2 486.5 342.625 559.2 0.0 0.0 -1.0
 0.0 0.0 0.0 0.8 0.8 0.8
0.0 342.625 559.2 69.5 342.625 559.2 69.5 411.15 559.2 0.0 411.15 559.2 0.0 0.0 -1.0
 0.0 0.0 0.0 0.8 0.8 0.8
69.5 342.625 559.2 139.0 342.625 559.2 139.0 411.15 559.2 69.5 411.15 559.2 0.0 0.0 -1.0
 0.0 0.0 0.0 0.8 0.8 0.8
139.0 342.625 559.2 208.5 342.625 559.2 208.5 411.15 559.2 139.0 411.15 559.2 0.0 0.0 -1.0
 0.0 0.0 0.0 0.8 0.8 0.8
208.5 342.625 559.2 278.0 342.625 559.2 278.0 411.15 559.2 208.5 411.15 559.2 0.0 0.0 -1.0
 0.0 0.0 0.0 0.8 0.8 0.8
278.0 342.625 559.2 347.5 342.625 559.2 347.5 411.15 559.2 278.0 411.15 559.2 0.0 0.0 -1.0
 0.0 0.0 0.0 0.8 0.8 0.8
347.5 342.625 559.2 417.0 342.625 559.2 417.0 411.15 559.2 347.5 411.15 559.2 0.0 0.0 -1.0
 0.0 0.0 0.0 0.8 0.8 0.8
417.0 342.625 559.2 486.5 342.625 559.2 486.5 411.15 559.2 417.0 411.15 559.2 0.0 0.0 -1.0
 0.0 0.0 0.0 0.8 0.8 0.8
486.5 342.625 559.2 556.0 342.625 559.2 556.0 411.15 559.2 486.5 411.15 559.2 0.0 0.0 -1.0
 0.0 0.0 0.0 0.8 0.8 0.8
0.0 411.15 559.2 69.5 411.15 559.2 69.5 479.67499999999995 559.2 0.0 479.67499999999995 559.2 0.0 0.0 -1.0
 0.0 0.0 0.0 0.8 0.8 0.8
69.5 411.15 559.2 139.0 411.15 559.2 139.0 479.67499999999995 559.2 69.5 479.67499999999995 559.2 0.0 0.0 -1.0
 0.0 0.0 0.0 0.8 0.8 0.8
139.0 411.15 559.2 208.5 411.15 559.2 208.5 479.67499999999995 559.2 139.0 479.67499999999995 559.2 0.0 0.0 -1.0
 0.0 0.0 0.0 0.8 0.8 0.8
208.5 411.15 559.2 278.0 411.15 559.2 278.0 479.67499999999995 559.2 208.5 479.67499999999995 559.2 0.0 0.0 -1.0
 0.0 0.0 0.0 0.8 0.8 0.8
278.0 411.15 559.2 347.5 411.15 559.2 347.5 479.67499999999995 559.2 278.0 479.67499999999995 559.2 0.0 0.0 -1.0
 0.0 0.0 0.0 0.8 0.8 0.8
347.5 411.15 559.2 417.0 411.15 559.2 417.0 479.67499999999995 559.2 347.5 479.67499999999995 559.2 0.0 0.0 -1.0
 0.0 0.0 0.0 0.8 0.8 0.8
417.0 411.15 559.2 486.5 411.15 559.2 486.5 479.67499999999995 559.2 417.0 479.67499999999995 559.2 0.0 0.0 -1.0
 0.0 0.0 0.0 0.8 0.8 0.8
486.5 411.15 559.2 556.0 411.15 559.2 556.0 479.67499999999995 559.2 486.5 479.67499999999995 559.2 0.0 0.0 -1.0
 0.0 0.0 0.0 0.8 0.8 0.8
0.0 479.67499999999995 559.2 69.5 479.67499999999995 559.2 69.5 548.1999999999999 559.2 0.0 548.1999999999999 559.2 0.0 0.0 -1.0
 0.0 0.0 0.0 0.8 0.8 0.8
69.5 479.67499999999995 559.2 139.0 479.67499999999995 559.2 139.0 548.1999999999999 559.2 69.5 548.1999999999999 559.2 0.0 0.0 -1.0
 0.0 0.0 0.0 0.8 0.8 0.8
139.0 479.67499999999995 559.2 208.5 479.67499999999995 559.2 208.5 548.1999999999999 559.2 139.0 548.1999999999999 559.2 0.0 0.0 -1.0
 0.0 0.0 0.0 0.8 0.8 0.8
208.5 479.67499999999995 559.2 278.0 479.67499999999995 559.2 278.0 548.1999999999999 559.2 208.5 548.1999999999999 559.2 0.0 0.0 -1.0
 0.0 0.0 0.0 0.8 0.8 0.8
278.0 479.67499999999995 559.2 347.5 479.67499999999995 559.2 347.5 548.1999999999999 559.2 278.0 548.1999999999999 559.2 0.0 0.0 -1.0
 0.0 0.0 0.0 0.8 0.8 0.8
347.5 479.67499999999995 559.2 417.0 479.67499999999995 559.2 417.0 548.1999999999999 559.2 347.5 548.1999999999999 559.2 0.0 0.0 -1.0
 0.0 0.0 0.0 0.8 0.8 0.8
417.0 479.67499999999995 559.2 486.5 479.67499999999995 559.2 486.5 548.1999999999999 559.2 417.0 548.1999999999999 559.2 0.0 0.0 -1.0
 0.0 0.0 0.0 0.8 0.8 0.8
486.5 479.67499999999995 559.2 556.0 479.67499999999995 559.2 556.0 548.1999999999999 559.2 486.5 548.1999999999999 559.2 0.0 0.0 -1.0
 0.0 0.0 0.0 0.8 0.8 0.8
0.0 0.0 0.0 0.0 0.0 69.9 0.0 68.525 69.9 0.0 68.525 0.0 -1.0 0.0 0.0
 0.0 0.0 0.0 0.0 0.8 0.0
0.0 68.525 0.0 0.0 68.525 69.9 0.0 137.05 69.9 0.0 137.05 0.0 -1.0 0.0 0.0
 0.0 0.0 0.0 0.0 0.8 0.0
0.0 137.05 0.0 0.0 137.05 69.9 0.0 205.57500000000002 69.9 0.0 205.57500000000002 0.0 -1.0 0.0 0.0
 0.0 0.0 0.0 0.0 0.8 0.0
0.0 205.57500000000002 0.0 0.0 205.57500000000002 69.9 0.0 274.1 69.9 0.0 274.1 0.0 -1.0 0.0 0.0
 0.0 0.0 0.0 0.0 0.8 0.0
0.0 274.1 0.0 0.0 274.1 69.9 0.0 342.625 69.9 0.0 342.625 0.0 -1.0 0.0 0.0
 0.0 0.0 0.0 0.0 0.8 0.0
0.0 342.625 0.0 0.0 342.625 69.9 0.0 411.15 69.9 0.0 411.15 0.0 -1.0 0.0 0.0
 0.0 0.0 0.0 0.0 0.8 0.0
0.0 411.15 0.0 0.0 411.15 69.9 0.0 479.67499999999995 69.9 0.0 479.67499999999995 0.0 -1.0 0.0 0.0
 0.0 0.0 0.0 0.0 0.8 0.0
0.0 479.67499999999995 0.0 0.0 479.67499999999995 69.9 0.0 548.1999999999999 69.9 0.0 548.1999999999999 0.0 -1.0 0.0 0.0
 0.0 0.0 0.0 0.0 0.8 0.0
0.0 0.0 69.9 0.0 0.0 139.8 0.0 68.525 139.8 0.0 68.525 69.9 -1.0 0.0 0.0
 0.0 0.0 0.0 0.0 0.8 0.0
0.0 68.525 69.9 0.0 68.525 139.8 0.0 137.05 139.8 0.0 137.05 69.9 -1.0 0.0 0.0
 0.0 0.0 0.0 0.0 0.8 0.0
0.0 137.05 69.9 0.0 137.05 139.8 0.0 205.57500000000002 139.8 0.0 205.57500000000002 69.9 -1.0 0.0 0.0
 0.0 0.0 0.0 0.0 0.8 0.0
0.0 205.57500000000002 69.9 0.0 205.57500000000002 139.8 0.0 274.1 139.8 0.0 274.1 69.9 -1.0 0.0 0.0
 0.0 0.0 0.0 0.0 0.8 0.0
0.0 274.1 69.9 0.0 274.1 139.8 0.0 342.625 139.8 0.0 342.625 69.9 -1.0 0.0 0.0
 0.0 0.0 0.0 0.0 0.8 0.0
0.0 342.625 69.9 0.0 342.625 139.8 0.0 411.15 139.8 0.0 411.15 69.9 -1.0 0.0 0.0
 0.0 0.0 0.0 0.0 0.8 0.0
0.0 411.15 69.9 0.0 411.15 139.8 0.0 479.67499999999995 139.8 0.0 479.67499999999995 69.9 -1.0 0.0 0.0
 0.0 0.0 0.0 0.0 0.8 0.0
0.0 479.67499999999995 69.9 0.0 479.67499999999995 139.8 0.0 548.1999999999999 139.8 0.0 548.1999999999999 69.9 -1.0 0.0 0.0
 0.0 0.0 0.0 0.0 0.8 0.0
0.0 0.0 139.8 0.0 0.0 209.70000000000002 0.0 68.525 209.70000000000002 0.0 68.525 139.8 -1.0 0.0 0.0
 0.0 0.0 0.0 0.0 0.8 0.0
0.0 68.525 139.8 0.0 68.525 209.70000000000002 0.0 137.05 209.70000000000002 0.0 137.05 139.8 -1.0 0.0 0.0
 0.0 0.0 0.0 0.0 0.8 0.0
0.0 137.05 139.8 0.0 137.05 209.70000000000002 0.0 205.57500000000002 209.70000000000002 0.0 205.57500000000002 139.8 -1.0 0.0 0.0
 0.0 0.0 0.0 0.0 0.8 0.0
0.0 205.57500000000002 139.8 0.0 205.57500000000002 209.70000000000002 0.0 274.1 209.70000000000002 0.0 274.1 139.8 -1.0 0.0 0.0
 0.0 0.0 0.0 0.0 0.8 0.0
0.0 274.1 139.8 0.0 274.1 209.70000000000002 0.0 342.625 209.70000000000002 0.0 342.625 139.8 -1.0 0.0 0.0
 0.0 0.0 0.0 0.0 0.8 0.0
0.0 342.625 139.8 0.0 342.625 209.70000000000002 0.0 411.15 209.70000000000002 0.0 411.15 139.8 -1.0 0.0 0.0
 0.0 0.0 0.0 0.0 0.8 0.0
0.0 411.15 139.8 0.0 411.15 209.70000000000002 0.0 479.67499999999995 209.70000000000002 0.0 479.67499999999995 139.8 -1.0 0.0 0.0
 0.0 0.0 0.0 0.0 0.8 0.0
0.0 479.67499999999995 139.8 0.0 479.67499999999995 209.70000000000002 0.0 548.1999999999999 209.70000000000002 0.0 548.1999999999999 139.8 -1.0 0.0 0.0
 0.0 0.0 0.0 0.0 0.8 0.0
0.0 0.0 209.70000000000002 0.0 0.0 279.6 0.0 68.525 279.6 0.0 68.525 209.70000000000002 -1.0 0.0 0.0
 0.0 0.0 0.0 0.0 0.8 0.0
0.0 68.525 209.70000000000002 0.0 68.525 279.6 0.0 137.05 279.6 0.0 137.05 209.70000000000002 -1.0 0.0 0.0
 0.0 0.0 0.0 0.0 0.8 0.0
0.0 137.05 209.70000000000002 0.0 137.05 279.6 0.0 205.57500000000002 279.6 0.0 205.57500000000002 209.70000000000002 -1.0 0.0 0.0
 0.0 0.0 0.0 0.0 0.8 0.0
0.0 205.57500000000002 209.70000000000002 0.0 205.57500000000002 279.6 0.0 274.1 279.6 0.0 274.1 209.70000000000002 -1.0 0.0 0.0
 0.0 0.0 0.0 0.0 0.8 0.0
0.0 274.1 209.70000000000002 0.0 274.1 279.6 0.0 342.625 279.6 0.0 342.625 209.70000000000002 -1.0 0.0 0.0
 0.0 0.0 0.0 0.0 0.8 0.0
0.0 342.625 209.70000000000002 0.0 342.625 279.6 0.0 411.15 279.6 0.0 411.15 209.70000000000002 -1.0 0.0 0.0
 0.0 0.0 0.0 0.0 0.8 0.0
0.0 411.15 209.70000000000002 0.0 411.15 279.6 0.0 479.67499999999995 279.6 0.0 479.67499999999995 209.70000000000002 -1.0 0.0 0.0
 0.0 0.0 0.0 0.0 0.8 0.0
0.0 479.67499999999995 209.70000000000002 0.0 479.67499999999995 279.6 0.0 548.1999999999999 279.6 0.0 548.1999999999999 209.70000000000002 -1.0 0.0 0.0
 0.0 0.0 0.0 0.0 0.8 0.0
0.0 0.0 279.6 0.0 0.0 349.5 0.0 68.525 349.5 0.0 68.525 279.6 -1.0 0.0 0.0
 0.0 0.0 0.0 0.0 0.8 0.0
0.0 68.525 279.6 0.0 68.525 349.5 0.0 137.05 349.5 0.0 137.05 279.6 -1.0 0.0 0.0
 0.0 0.0 0.0 0.0 0.8 0.0
0.0 137.05 279.6 0.0 137.05 349.5 0.0 205.57500000000002 349.5 0.0 205.57500000000002 279.6 -1.0 0.0 0.0
 0.0 0.0 0.0 0.0 0.8 0.0
0.0 205.57500000000002 279.6 0.0 205.57500000000002 349.5 0.0 274.1 349.5 0.0 274.1 279.6 -1.0 0.0 0.0
 0.0 0.0 0.0 0.0 0.8 0.0
0.0 274.1 279.6 0.0 274.1 349.5 0.0 342.625 349.5 0.0 342.625 279.6 -1.0 0.0 0.0
 0.0 0.0 0.0 0.0 0.8 0.0
0.0 342.625 279.6 0.0 342.625 349.5 0.0 411.15 349.5 0.0 411.15 279.6 -1.0 0.0 0.0
 0.0 0.0 0.0 0.0 0.8 0.0
0.0 411.15 279.6 0.0 411.15 349.5 0.0 479.67499999999995 349.5 0.0 479.67499999999995 279.6 -1.0 0.0 0.0
 0.0 0.0 0.0 0.0 0.8 0.0
0.0 479.67499999999995 279.6 0.0 479.67499999999995 349.5 0.0 548.1999999999999 349.5 0.0 548.1999999999999 279.6 -1.0 0.0 0.0
 0.0 0.0 0.0 0.0 0.8 0.0
0.0 0.0 349.5 0.0 0.0 419.4 0.0 68.525 419.4 0.0 68.525 349.5 -1.0 0.0 0.0
 0.0 0.0 0.0 0.0 0.8 0.0
0.0 68.525 349.5 0.0 68.525 419.4 0.0 137.05 419.4 0.0 137.05 349.5 -1.0 0.0 0.0
 0.0 0.0 0.0 0.0 0.8 0.0
0.0 137.05 349.5 0.0 137.05 419.4 0.0 205.57500000000002 419.4 0.0 205.57500000000002 349.5 -1.0 0.0 0.0
 0.0 0.0 0.0 0.0 0.8 0.0
0.0 205.57500000000002 349.5 0.0 205.57500000000002 419.4 0.0 274.1 419.4 0.0 274.1 349.5 -1.0 0.0 0.0
 0.0 0.0 0.0 0.0 0.8 0.0
0.0 274.1 349.5 0.0 274.1 419.4 0.0 342.625 419.4 0.0 342.625 349.5 -1.0 0.0 0.0
 0.0 0.0 0.0 0.0 0.8 0.0
0.0 342.625 349.5 0.0 342.625 419.4 0.0 411.15 419.4 0.0 411.15 349.5 -1.0 0.0 0.0
 0.0 0.0 0.0 0.0 0.8 0.0
0.0 411.15 349.5 0.0 411.15 419.4 0.0 479.67499999999995 419.4 0.0 479.67499999999995 349.5 -1.0 0.0 0.0
 0.0 0.0 0.0 0.0 0.8 0.0
0.0 479.67499999999995 349.5 0.0 479.67499999999995 419.4 0.0 548.1999999999999 419.4 0.0 548.1999999999999 349.5 -1.0 0.0 0.0
 0.0 0.0 0.0 0.0 0.8 0.0
0.0 0.0 419.4 0.0 0.0 489.29999999999995 0.0 68.525 489.29999999999995 0.0 68.525 419.4 -1.0 0.0 0.0
 0.0 0.0 0.0 0.0 0.8 0.0
0.0 68.525 419.4 0.0 68.525 489.29999999999995 0.0 137.05 489.29999999999995 0.0 137.05 419.4 -1.0 0.0 0.0
 0.0 0.0 0.0 0.0 0.8 0.0
0.0 137.05 419.4 0.0 137.05 489.29999999999995 0.0 205.57500000000002 489.29999999999995 0.0 205.57500000000002 419.4 -1.0 0.0 0.0
 0.0 0.0 0.0 0.0 0.8 0.0
0.0 205.57500000000002 419.4 0.0 205.57500000000002 489.29999999999995 0.0 274.1 489.29999999999995 0.0 274.1 419.4 -1.0 0.0 0.0
 0.0 0.0 0.0 0.0 0.8 0.0
0.0 274.1 419.4 0.0 274.1 489.29999999999995 0.0 342.625 489.29999999999995 0.0 342.625 419.4 -1.0 0.0 0.0
 0.0 0.0 0.0 0.0 0.8 0.0
0.0 342.625 419.4 0.0 342.625 489.29999999999995 0.0 411.15 489.29999999999995 0.0 411.15 419.4 -1.0 0.0 0.0
 0.0 0.0 0.0 0.0 0.8 0.0
0.0 411.15 419.4 0.0 411.15 489.29999999999995 0.0 479.67499999999995 489.29999999999995 0.0 479.67499999999995 419.4 -1.0 0.0 0.0
 0.0 0.0 0.0 0.0 0.8 0.0
0.0 479.67499999999995 419.4 0.0 479.67499999999995 489.29999999999995 0.0 548.1999999999999 489.29999999999995 0.0 548.1999999999999 419.4 -1.0 0.0 0.0
 0.0 0.0 0.0 0.0 0.8 0.0
0.0 0.0 489.29999999999995 0.0 0.0 559.1999999999999 0.0 68.525 559.1999999999999 0.0 68.525 489.29999999999995 -1.0 0.0 0.0
 0.0 0.0 0.0 0.0 0.8 0.0
0.0 68.525 489.29999999999995 0.0 68.525 559.1999999999999 0.0 137.05 559.1999999999999 0.0 137.05 489.29999999999995 -1.0 0.0 0.0
 0.0 0.0 0.0 0.0 0.8 0.0
0.0 137.05 489.29999999999995 0.0 137.05 559.1999999999999 0.0 205.57500000000002 559.1999999999999 0.0 205.57500000000002 489.29999999999995 -1.0 0.0 0.0
 0.0 0.0 0.0 0.0 0.8 0.0
0.0 205.57500000000002 489.29999999999995 0.0 205.57500000000002 559.1999999999999 0.0 274.1 559.1999999999999 0.0 274.1 489.29999999999995 -1.0 0.0 0.0
 0.0 0.0 0.0 0.0 0.8 0.0
0.0 274.1 489.29999999999995 0.0 274.1 559.1999999999999 0.0 342.625 559.1999999999999 0.0 342.625 489.29999999999995 -1.0 0.0 0.0
 0.0 0.0 0.0 0.0 0.8 0.0
0.0 342.625 489.29999999999995 0.0 342.625 559.1999999999999 0.0 411.15 559.1999999999999 0.0 411.15 489.29999999999995 -1.0 0.0 0.0
 0.0 0.0 0.0 0.0 0.8 0.0
0.0 411.15 489.29999999999995 0.0 411.15 559.1999999999999 0.0 479.67499999999995 559.1999999999999 0.0 479.67499999999995 489.29999999999995 -1.0 0.0 0.0
 0.0 0.0 0.0 0.0 0.8 0.0
0.0 479.67499999999995 489.29999999999995 0.0 479.67499999999995 559.1999999999999 0.0 548.1999999999999 559.1999999999999 0.0 548.1999999999999 489.29999999999995 -1.0 0.0 0.0
 0.0 0.0 0.0 0.0 0.8 0.0
556.0 0.0 0.0 556.0 0.0 69.9 556.0 68.525 69.9 556.0 68.525 0.0 1.0 0.0 0.0
 0.0 0.0 0.0 0.8 0.0 0.0
556.0 68.525 0.0 556.0 68.525 69.9 556.0 137.05 69.9 556.0 137.05 0.0 1.0 0.0 0.0
 0.0 0.0 0.0 0.8 0.0 0.0
556.0 137.05 0.0 556.0 137.05 69.9 556.0 205.57500000000002 69.9 556.0 205.57500000000002 0.0 1.0 0.0 0.0
 0.0 0.0 0.0 0.8 0.0 0.0
556.0 205.57500000000002 0.0 556.0 205.57500000000002 69.9 556.0 274.1 69.9 556.0 274.1 0.0 1.0 0.0 0.0
 0.0 0.0 0.0 0.8 0.0 0.0
556.0 274.1 0.0 556.0 274.1 69.9 556.0 342.625 69.9 556.0 342.625 0.0 1.0 0.0 0.0
 0.0 0.0 0.0 0.8 0.0 0.0
556.0 342.625 0.0 556.0 342.625 69.9 556.0 411.15 69.9 556.0 411.15 0.0 1.0 0.0 0.0
 0.0 0.0 0.0 0.8 0.0 0.0
556.0 411.15 0.0 556.0 411.15 69.9 556.0 479.67499999999995 69.9 556.0 479.67499999999995 0.0 1.0 0.0 0.0
 0.0 0.0 0.0 0.8 0.0 0.0
556.0 479.67499999999995 0.0 556.0 479.67499999999995 69.9 556.0 548.1999999999999 69.9 556.0 548.1999999999999 0.0 1.0 0.0 0.0
 0.0 0.0 0.0 0.8 0.0 0.0
556.0 0.0 69.9 556.0 0.0 139.8 556.0 68.525 139.8 556.0 68.525 69.9 1.0 0.0 0.0
 0.0 0.0 0.0 0.8 0.0 0.0
556.0 68.525 69.9 556.0 68.525 139.8 556.0 137.05 139.8 556.0 137.05 69.9 1.0 0.0 0.0
 0.0 0.0 0.0 0.8 0.0 0.0
556.0 137.05 69.9 556.0 137.05 139.8 556.0 205.57500000000002 139.8 556.0 205.57500000000002 69.9 1.0 0.0 0.0
 0.0 0.0 0.0 0.8 0.0 0.0
556.0 205.57500000000002 69.9 556.0 205.57500000000002 139.8 556.0 274.1 139.8 556.0 274.1 69.9 1.0 0.0 0.0
 0.0 0.0 0.0 0.8 0.0 0.0
556.0 274.1 69.9 556.0 274.1 139.8 556.0 342.625 139.8 556.0 342.625 69.9 1.0 0.0 0.0
 0.0 0.0 0.0 0.8 0.0 0.0
556.0 342.625 69.9 556.0 342.625 139.8 556.0 411.15 139.8 556.0 411.15 69.9 1.0 0.0 0.0
 0.0 0.0 0.0 0.8 0.0 0.0
556.0 411.15 69.9 556.0 411.15 139.8 556.0 479.67499999999995 139.8 556.0 479.67499999999995 69.9 1.0 0.0 0.0
 0.0 0.0 0.0 0.8 0.0 0.0
556.0 479.67499999999995 69.9 556.0 479.67499999999995 139.8 556.0 548.1999999999999 139.8 556.0 548.1999999999999 69.9 1.0 0.0 0.0
 0.0 0.0 0.0 0.8 0.0 0.0
556.0 0.0 139.8 556.0 0.0 209.70000000000002 556.0 68.525 209.70000000000002 556.0 68.525 139.8 1.0 0.0 0.0
 0.0 0.0 0.0 0.8 0.0 0.0
556.0 68.525 139.8 556.0 68.525 209.70000000000002 556.0 137.05 209.70000000000002 556.0 137.05 139.8 1.0 0.0 0.0
 0.0 0.0 0.0 0.8 0.0 0.0
556.0 137.05 139.8 556.0 137.05 209.70000000000002 556.0 205.57500000000002 209.70000000000002 556.0 205.57500000000002 139.8 1.0 0.0 0.0
 0.0 0.0 0.0 0.8 0.0 0.0
556.0 205.57500000000002 139.8 556.0 205.57500000000002 209.70000000000002 556.0 274.1 209.70000000000002 556.0 274.1 139.8 1.0 0.0 0.0
 0.0 0.0 0.0 0.8 0.0 0.0
556.0 274.1 139.8 556.0 274.1 209.70000000000002 556.0 342.625 209.70000000000002 556.0 342.625 139.8 1.0 0.0 0.0
 0.0 0.0 0.0 0.8 0.0 0.0
556.0 342.625 139.8 556.0 342.625 209.70000000000002 556.0 411.15 209.70000000000002 556.0 411.15 139.8 1.0 0.0 0.0
 0.0 0.0 0.0 0.8 0.0 0.0
556.0 411.15 139.8 556.0 411.15 209.70000000000002 556.0 479.67499999999995 209.70000000000002 556.0 479.67499999999995 139.8 1.0 0.0 0.0
 0.0 0.0 0.0 0.8 0.0 0.0
556.0 479.67499999999995 139.8 556.0 479.67499999999995 209.70000000000002 556.0 548.1999999999999 209.70000000000002 556.0 548.1999999999999 139.8 1.0 0.0 0.0
 0.0 0.0 0.0 0.8 0.0 0.0
556.0 0.0 209.70000000000002 556.0 0.0 279.6 556.0 68.525 279.6 556.0 68.525 209.70000000000002 1.0 0.0 0.0
 0.0 0.0 0.0 0.8 0.0 0.0
556.0 68.525 209.70000000000002 556.0 68.525 279.6 556.0 137.05 279.6 556.0 137.05 209.70000000000002 1.0 0.0 0.0
 0.0 0.0 0.0 0.8 0.0 0.0
556.0 137.05 209.70000000000002 556.0 137.05 279.6 556.0 205.57500000000002 279.6 556.0 205.57500000000002 209.70000000000002 1.0 0.0 0.0
 0.0 0.0 0.0 0.8 0.0 0.0
556.0 205.57500000000002 209.70000000000002 556.0 205.57500000000002 279.6 556.0 274.1 279.6 556.0 274.1 209.70000000000002 1.0 0.0 0.0
 0.0 0.0 0.0 0.8 0.0 0.0
556.0 274.1 209.70000000000002 556.0 274.1 279.6 556.0 342.625 279.6 556.0 342.625 209.70000000000002 1.0 0.0 0.0
 0.0 0.0 0.0 0.8 0.0 0.0
556.0 342.625 209.70000000000002 556.0 342.625 279.6 556.0 411.15 279.6 556.0 411.15 209.70000000000002 1.0 0.0 0.0
 0.0 0.0 0.0 0.8 0.0 0.0
556.0 411.15 209.70000000000002 556.0 411.15 279.6 556.0 479.67499999999995 279.6 556.0 479.67499999999995 209.70000000000002 1.0 0.0 0.0
 0.0 0.0 0.0 0.8 0.0 0.0
556.0 479.67499999999995 209.70000000000002 556.0 479.67499999999995 279.6 556.0 548.1999999999999 279.6 556.0 548.1999999999999 209.70000000000002 1.0 0.0 0.0
 0.0 0.0 0.0 0.8 0.0 0.0
556.0 0.0 279.6 556.0 0.0 349.5 556.0 68.525 349.5 556.0 68.525 279.6 1.0 0.0 0.0
 0.0 0.0 0.0 0.8 0.0 0.0
556.0 68.525 279.6 556.0 68.525 349.5 556.0 137.05 349.5 556.0 137.05 279.6 1.0 0.0 0.0
 0.0 0.0 0.0 0.8 0.0 0.0
556.0 137.05 279.6 556.0 137.05 349.5 556.0 205.57500000000002 349.5 556.0 205.57500000000002 279.6 1.0 0.0 0.0
 0.0 0.0 0.0 0.8 0.0 0.0
556.0 205.57500000000002 279.6 556.0 205.57500000000002 349.5 556.0 274.1 349.5 556.0 274.1 279.6 1.0 0.0 0.0
 0.0 0.0 0.0 0.8 0.0 0.0
556.0 274.1 279.6 556.0 274.1 349.5 556.0 342.625 349.5 556.0 342.625 279.6 1.0 0.0 0.0
 0.0 0.0 0.0 0.8 0.0 0.0
556.0 342.625 279.6 556.0 342.625 349.5 556.0 411.15 349.5 556.0 411.15 279.6 1.0 0.0 0.0
 0.0 0.0 0.0 0.8 0.0 0.0
556.0 411.15 279.6 556.0 411.15 349.5 556.0 479.67499999999995 349.5 556.0 479.67499999999995 279.6 1.0 0.0 0.0
 0.0 0.0 0.0 0.8 0.0 0.0
556.0 479.67499999999995 279.6 556.0 479.67499999999995 349.5 556.0 548.1999999999999 349.5 556.0 548.1999999999999 279.6 1.0 0.0 0.0
 0.0 0.0 0.0 0.8 0.0 0.0
556.0 0.0 349.5 556.0 0.0 419.4 556.0 68.525 419.4 556.0 68.525 349.5 1.0 0.0 0.0
 0.0 0.0 0.0 0.8 0.0 0.0
556.0 68.525 349.5 556.0 68.525 419.4 556.0 137.05 419.4 556.0 137.05 349.5 1.0 0.0 0.0
 0.0 0.0 0.0 0.8 0.0 0.0
556.0 137.05 349.5 556.0 137.05 419.4 556.0 205.57500000000002 419.4 556.0 205.57500000000002 349.5 1.0 0.0 0.0
 0.0 0.0 0.0 0.8 0.0 0.0
556.0 205.57500000000002 349.5 556.0 205.57500000000002 419.4 556.0 274.1 419.4 556.0 274.1 349.5 1.0 0.0 0.0
 0.0 0.0 0.0 0.8 0.0 0.0
556.0 274.1 349.5 556.0 274.1 419.4 556.0 342.625 419.4 556.0 342.625 349.5 1.0 0.0 0.0
 0.0 0.0 0.0 0.8 0.0 0.0
556.0 342.625 349.5 556.0 342.625 419.4 556.0 411.15 419.4 556.0 411.15 349.5 1.0 0.0 0.0
 0.0 0.0 0.0 0.8 0.0 0.0
556.0 411.15 349.5 556.0 411.15 419.4 556.0 479.67499999999995 419.4 556.0 479.67499999999995 349.5 1.0 0.0 0.0
 0.0 0.0 0.0 0.8 0.0 0.0
556.0 479.67499999999995 349.5 556.0 479.67499999999995 419.4 556.0 548.1999999999999 419.4 556.0 548.1999999999999 349.5 1.0 0.0 0.0
 0.0 0.0 0.0 0.8 0.0 0.0
556.0 0.0 419.4 556.0 0.0 489.29999999999995 556.0 68.525 489.29999999999995 556.0 68.525 419.4 1.0 0.0 0.0
 0.0 0.0 0.0 0.8 0.0 0.0
556.0 68.525 419.4 556.0 68.525 489.29999999999995 556.0 137.05 489.29999999999995 556.0 137.05 419.4 1.0 0.0 0.0
 0.0 0.0 0.0 0.8 0.0 0.0
556.0 137.05 419.4 556.0 137.05 489.29999999999995 556.0 205.57500000000002 489.29999999999995 556.0 205.57500000000002 419.4 1.0 0.0 0.0
 0.0 0.0 0.0 0.8 0.0 0.0
556.0 205.57500000000002 419.4 556.0 205.57500000000002 489.29999999999995 556.0 274.1 489.29999999999995 556.0 274.1 419.4 1.0 0.0 0.0
 0.0 0.0 0.0 0.8 0.0 0.0
556.0 274.1 419.4 556.0 274.1 489.29999999999995 556.0 342.625 489.29999999999995 556.0 342.625 419.4 1.0 0.0 0.0
 0.0 0.0 0.0 0.8 0.0 0.0
556.0 342.625 419.4 556.0 342.625 489.29999999999995 556.0 411.15 489.29999999999995 556.0 411.15 419.4 1.0 0.0 0.0
 0.0 0.0 0.0 0.8 0.0 0.0
556.0 411.15 419.4 556.0 411.15 489.29999999999995 556.0 479.67499999999995 489.29999999999995 556.0 479.67499999999995 419.4 1.0 0.0 0.0
 0.0 0.0 0.0 0.8 0.0 0.0
556.0 479.67499999999995 419.4 556.0 479.67499999999995 489.29999999999995 556.0 548.1999999999999 489.29999999999995 556.0 548.1999999999999 419.4 1.0 0.0 0.0
 0.0 0.0 0.0 0.8 0.0 0.0
556.0 0.0 489.29999999999995 556.0 0.0 559.1999999999999 556.0 68.525 559.1999999999999 556.0 68.525 489.29999999999995 1.0 0.0 0.0
 0.0 0.0 0.0 0.8 0.0 0.0
556.0 68.525 489.29999999999995 556.0 68.525 559.1999999999999 556.0 137.05 559.1999999999999 556.0 137.05 489.29999999999995 1.0 0.0 0.0
 0.0 0.0 0.0 0.8 0.0 0.0
556.0 137.05 489.29999999999995 556.0 137.05 559.1999999999999 556.0 205.57500000000002 559.1999999999999 556.0 205.57500000000002 489.29999999999995 1.0 0.0 0.0
 0.0 0.0 0.0 0.8 0.0 0.0
556.0 205.57500000000002 489.29999999999995 556.0 205.57500000000002 559.1999999999999 556.0 274.1 559.1999999999999 556.0 274.1 489.29999999999995 1.0 0.0 0.0
 0.0 0.0 0.0 0.8 0.0 0.0
556.0 274.1 489.29999999999995 556.0 274.1 559.1999999999999 556.0 342.625 559.1999999999999 556.0 342.625 489.29999999999995 1.0 0.0 0.0
 0.0 0.0 0.0 0.8 0.0 0.0
556.0 342.625 489.29999999999995 556.0 342.625 559.1999999999999 556.0 411.15 559.1999999999999 556.0 411.15 489.29999999999995 1.0 0.0 0.0
 0.0 0.0 0.0 0.8 0.0 0.0
556.0 411.15 489.29999999999995 556.0 411.15 559.1999999999999 556.0 479.67499999999995 559.1999999999999 556.0 479.67499999999995 489.29999999999995 1.0 0.0 0.0
 0.0 0.0 0.0 0.8 0.0 0.0
556.0 479.67499999999995 489.29999999999995 556.0 479.67499999999995 559.1999999999999 556.0 548.1999999999999 559.1999999999999 556.0 548.1999999999999 489.29999999999995 1.0 0.0 0.0
 0.0 0.0 0.0 0.8 0.0 0.0
423.4640611586486 0.0 67.25382169905356 439.19143353941456 0.0 119.9572348522519 439.19143353941456 55.0 119.9572348522519 423.4640611586486 55.0 67.25382169905356 0.9582438755126972 0.0 -0.28595222510483553
 0.0 0.0 0.0 0.8 0.8 0.8
423.4640611586486 55.0 67.25382169905356 439.19143353941456 55.0 119.9572348522519 439.19143353941456 110.0 119.9572348522519 423.4640611586486 110.0 67.25382169905356 0.9582438755126972 0.0 -0.28595222510483553
 0.0 0.0 0.0 0.8 0.8 0.8
423.4640611586486 110.0 67.25382169905356 439.19143353941456 110.0 119.9572348522519 439.19143353941456 165.0 119.9572348522519 423.4640611586486 165.0 67.25382169905356 0.9582438755126972 0.0 -0.28595222510483553
 0.0 0.0 0.0 0.8 0.8 0.8
439.19143353941456 0.0 119.9572348522519 454.9188059201805 0.0 172.66064800545024 454.9188059201805 55.0 172.66064800545024 439.19143353941456 55.0 119.9572348522519 0.9582438755126972 0.0 -0.28595222510483553
 0.0 0.0 0.0 0.8 0.8 0.8
439.19143353941456 55.0 119.9572348522519 454.9188059201805 55.0 172.66064800545024 454.9188059201805 110.0 172.66064800545024 439.19143353941456 110.0 119.9572348522519 0.9582438755126972 0.0 -0.28595222510483553
 0.0 0.0 0.0 0.8 0.8 0.8
439.19143353941456 110.0 119.9572348522519 454.9188059201805 110.0 172.66064800545024 454.9188059201805 165.0 172.66064800545024 439.19143353941456 165.0 119.9572348522519 0.9582438755126972 0.0 -0.28595222510483553
 0.0 0.0 0.0 0.8 0.8 0.8
454.9188059201805 0.0 172.66064800545024 470.6461783009464 0.0 225.36406115864858 470.6461783009464 55.0 225.36406115864858 454.9188059201805 55.0 172.66064800545024 0.9582438755126972 0.0 -0.28595222510483553
 0.0 0.0 0.0 0.8 0.8 0.8
454.9188059201805 55.0 172.66064800545024 470.6461783009464 55.0 225.36406115864858 470.6461783009464 110.0 225.36406115864858 454.9188059201805 110.0 172.66064800545024 0.9582438755126972 0.0 -0.28595222510483553
 0.0 0.0 0.0 0.8 0.8 0.8
454.9188059201805 110.0 172.66064800545024 470.6461783009464 110.0 225.36406115864858 470.6461783009464 165.0 225.36406115864858 454.9188059201805 165.0 172.66064800545024 0.9582438755126972 0.0 -0.28595222510483553
 0.0 0.0 0.0 0.8 0.8 0.8
265.3538216990536 0.0 114.43593884135143 281.0811940798195 0.0 167.13935199454977 281.0811940798195 55.0 167.13935199454977 265.3538216990536 55.0 114.43593884135143 -0.9582438755126972 0.0 0.28595222510483553
 0.0 0.0 0.0 0.8 0.8 0.8
265.3538216990536 55.0 114.43593884135143 281.0811940798195 55.0 167.13935199454977 281.0811940798195 110.0 167.13935199454977 265.3538216990536 110.0 114.43593884135143 -0.9582438755126972 0.0 0.28595222510483553
 0.0 0.0 0.0 0.8 0.8 0.8
265.3538216990536 110.0 114.43593884135143 281.0811940798195 110.0 167.13935199454977 281.0811940798195 165.0 167.13935199454977 265.3538216990536 165.0 114.43593884135143 -0.9582438755126972 0.0 0.28595222510483553
 0.0 0.0 0.0 0.8 0.8 0.8
281.0811940798195 0.0 167.13935199454977 296.80856646058544 0.0 219.8427651477481 296.80856646058544 55.0 219.8427651477481 281.0811940798195 55.0 167.13935199454977 -0.9582438755126972 0.0 0.28595222510483553
 0.0 0.0 0.0 0.8 0.8 0.8
281.0811940798195 55.0 167.13935199454977 296.80856646058544 55.0 219.8427651477481 296.80856646058544 110.0 219.8427651477481 281.0811940798195 110.0 167.13935199454977 -0.9582438755126972 0.0 0.28595222510483553
 0.0 0.0 0.0 0.8 0.8 0.8
281.0811940798195 110.0 167.13935199454977 296.80856646058544 110.0 219.8427651477481 296.80856646058544 165.0 219.8427651477481 281.0811940798195 165.0 167.13935199454977 -0.9582438755126972 0.0 0.28595222510483553
 0.0 0.0 0.0 0.8 0.8 0.8
296.80856646058544 0.0 219.8427651477481 312.5359388413514 0.0 272.54617830094645 312.5359388413514 55.0 272.54617830094645 296.80856646058544 55.0 219.8427651477481 -0.9582438755126972 0.0 0.28595222510483553
 0.0 0.0 0.0 0.8 0.8 0.8
296.80856646058544 55.0 219.8427651477481 312.5359388413514 55.0 272.54617830094645 312.5359388413514 110.0 272.54617830094645 296.80856646058544 110.0 219.8427651477481 -0.9582438755126972 0.0 0.28595222510483553
 0.0 0.0 0.0 0.8 0.8 0.8
296.80856646058544 110.0 219.8427651477481 312.5359388413514 110.0 272.54617830094645 312.5359388413514 165.0 272.54617830094645 296.80856646058544 165.0 219.8427651477481 -0.9582438755126972 0.0 0.28595222510483553
 0.0 0.0 0.0 0.8 0.8 0.8
265.3538216990536 0.0 114.43593884135143 318.0572348522519 0.0 98.70856646058547 318.0572348522519 55.0 98.70856646058547 265.3538216990536 55.0 114.43593884135143 -0.28595222510483553 0.0 -0.9582438755126972
 0.0 0.0 0.0 0.8 0.8 0.8
318.0572348522519 0.0 98.70856646058547 370.76064800545026 0.0 82.98119407981952 370.76064800545026 55.0 82.98119407981952 318.0572348522519 55.0 98.70856646058547 -0.28595222510483553 0.0 -0.9582438755126972
 0.0 0.0 0.0 0.8 0.8 0.8
370.76064800545026 0.0 82.98119407981952 423.4640611586486 0.0 67.25382169905356 423.4640611586486 55.0 67.25382169905356 370.76064800545026 55.0 82.98119407981952 -0.28595222510483553 0.0 -0.9582438755126972
 0.0 0.0 0.0 0.8 0.8 0.8
265.3538216990536 55.0 114.43593884135143 318.0572348522519 55.0 98.70856646058547 318.0572348522519 110.0 98.70856646058547 265.3538216990536 110.0 114.43593884135143 -0.28595222510483553 0.0 -0.9582438755126972
 0.0 0.0 0.0 0.8 0.8 0.8
318.0572348522519 55.0 98.70856646058547 370.76064800545026 55.0 82.98119407981952 370.76064800545026 110.0 82.98119407981952 318.0572348522519 110.0 98.70856646058547 -0.28595222510483553 0.0 -0.9582438755126972
 0.0 0.0 0.0 0.8 0.8 0.8
370.76064800545026 55.0 82.98119407981952 423.4640611586486 55.0 67.25382169905356 423.4640611586486 110.0 67.25382169905356 370.76064800545026 110.0 82.98119407981952 -0.28595222510483553 0.0 -0.9582438755126972
 0.0 0.0 0.0 0.8 0.8 0.8
265.3538216990536 110.0 114.43593884135143 318.0572348522519 110.0 98.70856646058547 318.0572348522519 165.0 98.70856646058547 265.3538216990536 165.0 114.43593884135143 -0.28595222510483553 0.0 -0.9582438755126972
 0.0 0.0 0.0 0.8 0.8 0.8
318.0572348522519 110.0 98.70856646058547 370.76064800545026 110.0 82.98119407981952 370.76064800545026 165.0 82.98119407981952 318.0572348522519 165.0 98.70856646058547 -0.28595222510483553 0.0 -0.9582438755126972
 0.0 0.0 0.0 0.8 0.8 0.8
370.76064800545026 110.0 82.98119407981952 423.4640611586486 110.0 67.25382169905356 423.4640611586486 165.0 67.25382169905356 370.76064800545026 165.0 82.98119407981952 -0.28595222510483553 0.0 -0.9582438755126972
 0.0 0.0 0.0 0.8 0.8 0.8
312.5359388413514 0.0 272.54617830094645 365.23935199454974 0.0 256.81880592018047 365.23935199454974 55.0 256.81880592018047 312.5359388413514 55.0 272.54617830094645 0.28595222510483553 0.0 0.9582438755126972
 0.0 0.0 0.0 0.8 0.8 0.8
365.23935199454974 0.0 256.81880592018047 417.9427651477481 0.0 241.09143353941454 417.9427651477481 55.0 241.09143353941454 365.23935199454974 55.0 256.81880592018047 0.28595222510483553 0.0 0.9582438755126972
 0.0 0.0 0.0 0.8 0.8 0.8
417.9427651477481 0.0 241.09143353941454 470.6461783009464 0.0 225.36406115864858 470.6461783009464 55.0 225.36406115864858 417.9427651477481 55.0 241.09143353941454 0.28595222510483553 0.0 0.9582438755126972
 0.0 0.0 0.0 0.8 0.8 0.8
312.5359388413514 55.0 272.54617830094645 365.23935199454974 55.0 256.81880592018047 365.23935199454974 110.0 256.81880592018047 312.5359388413514 110.0 272.54617830094645 0.28595222510483553 0.0 0.9582438755126972
 0.0 0.0 0.0 0.8 0.8 0.8
365.23935199454974 55.0 256.81880592018047 417.9427651477481 55.0 241.09143353941454 417.9427651477481 110.0 241.09143353941454 365.23935199454974 110.0 256.81880592018047 0.28595222510483553 0.0 0.9582438755126972
 0.0 0.0 0.0 0.8 0.8 0.8
417.9427651477481 55.0 241.09143353941454 470.6461783009464 55.0 225.36406115864858 470.6461783009464 110.0 225.36406115864858 417.9427651477481 110.0 241.09143353941454 0.28595222510483553 0.0 0.9582438755126972
 0.0 0.0 0.0 0.8 0.8 0.8
312.5359388413514 110.0 272.54617830094645 365.23935199454974 110.0 256.81880592018047 365.23935199454974 165.0 256.81880592018047 312.5359388413514 165.0 272.54617830094645 0.28595222510483553 0.0 0.9582438755126972
 0.0 0.0 0.0 0.8 0.8 0.8
365.23935199454974 110.0 256.81880592018047 417.9427651477481 110.0 241.09143353941454 417.9427651477481 165.0 241.09143353941454 365.23935199454974 165.0 256.81880592018047 0.28595222510483553 0.0 0.9582438755126972
 0.0 0.0 0.0 0.8 0.8 0.8
417.9427651477481 110.0 241.09143353941454 470.6461783009464 110.0 225.36406115864858 470.6461783009464 165.0 225.36406115864858 417.9427651477481 165.0 241.09143353941454 0.28595222510483553 0.0 0.9582438755126972
 0.0 0.0 0.0 0.8 0.8 0.8
265.3538216990536 165.0 114.43593884135143 318.0572348522519 165.0 98.70856646058547 333.7846072330178 165.0 151.4119796137838 281.0811940798195 165.0 167.13935199454977 0.0 1.0 0.0
 0.0 0.0 0.0 0.8 0.8 0.8
318.0572348522519 165.0 98.70856646058547 370.76064800545026 165.0 82.98119407981952 386.4880203862162 165.0 135.68460723301786 333.7846072330178 165.0 151.4119796137838 0.0 1.0 0.0
 0.0 0.0 0.0 0.8 0.8 0.8
370.76064800545026 165.0 82.98119407981952 423.4640611586486 165.0 67.25382169905356 439.19143353941456 165.0 119.9572348522519 386.4880203862162 165.0 135.68460723301786 0.0 1.0 0.0
 0.0 0.0 0.0 0.8 0.8 0.8
281.0811940798195 165.0 167.13935199454977 333.7846072330178 165.0 151.4119796137838 349.5119796137838 165.0 204.11539276698215 296.80856646058544 165.0 219.8427651477481 0.0 1.0 0.0
 0.0 0.0 0.0 0.8 0.8 0.8
333.7846072330178 165.0 151.4119796137838 386.4880203862162 165.0 135.68460723301786 402.2153927669822 165.0 188.3880203862162 349.5119796137838 165.0 204.11539276698215 0.0 1.0 0.0
 0.0 0.0 0.0 0.8 0.8 0.8
386.4880203862162 165.0 135.68460723301786 439.19143353941456 165.0 119.9572348522519 454.9188059201805 165.0 172.66064800545024 402.2153927669822 165.0 188.3880203862162 0.0 1.0 0.0
 0.0 0.0 0.0 0.8 0.8 0.8
296.80856646058544 165.0 219.8427651477481 349.5119796137838 165.0 204.11539276698215 365.23935199454974 165.0 256.81880592018047 312.5359388413514 165.0 272.54617830094645 0.0 1.0 0.0
 0.0 0.0 0.0 0.8 0.8 0.8
349.5119796137838 165.0 204.11539276698215 402.2153927669822 165.0 188.3880203862162 417.9427651477481 165.0 241.09143353941454 365.23935199454974 165.0 256.81880592018047 0.0 1.0 0.0
 0.0 0.0 0.0 0.8 0.8 0.8
402.2153927669822 165.0 188.3880203862162 454.9188059201805 165.0 172.66064800545024 470.6461783009464 165.0 225.36406115864858 417.9427651477481 165.0 241.09143353941454 0.0 1.0 0.0
 0.0 0.0 0.0 0.8 0.8 0.8
130.64735143060167 0.0 247.7610073979241 183.17789848775976 0.0 264.05645540881665 183.17789848775976 110.0 264.05645540881665 130.64735143060167 110.0 247.7610073979241 0.29628087292531874 0.0 -0.9551008555846923
 0.0 0.0 0.0 0.8 0.8 0.8
130.64735143060167 110.0 247.7610073979241 183.17789848775976 110.0 264.05645540881665 183.17789848775976 220.0 264.05645540881665 130.64735143060167 220.0 247.7610073979241 0.29628087292531874 0.0 -0.9551008555846923
 0.0 0.0 0.0 0.8 0.8 0.8
130.64735143060167 220.0 247.7610073979241 183.17789848775976 220.0 264.05645540881665 183.17789848775976 330.0 264.05645540881665 130.64735143060167 330.0 247.7610073979241 0.29628087292531874 0.0 -0.9551008555846923
 0.0 0.0 0.0 0.8 0.8 0.8
183.17789848775976 0.0 264.05645540881665 235.70844554491782 0.0 280.3519034197092 235.70844554491782 110.0 280.3519034197092 183.17789848775976 110.0 264.05645540881665 0.29628087292531874 0.0 -0.9551008555846923
 0.0 0.0 0.0 0.8 0.8 0.8
183.17789848775976 110.0 264.05645540881665 235.70844554491782 110.0 280.3519034197092 235.70844554491782 220.0 280.3519034197092 183.17789848775976 220.0 264.05645540881665 0.29628087292531874 0.0 -0.9551008555846923
 0.0 0.0 0.0 0.8 0.8 0.8
183.17789848775976 220.0 264.05645540881665 235.70844554491782 220.0 280.3519034197092 235.70844554491782 330.0 280.3519034197092 183.17789848775976 330.0 264.05645540881665 0.29628087292531874 0.0 -0.9551008555846923
 0.0 0.0 0.0 0.8 0.8 0.8
235.70844554491782 0.0 280.3519034197092 288.2389926020759 0.0 296.6473514306017 288.2389926020759 110.0 296.6473514306017 235.70844554491782 110.0 280.3519034197092 0.29628087292531874 0.0 -0.9551008555846923
 0.0 0.0 0.0 0.8 0.8 0.8
235.70844554491782 110.0 280.3519034197092 288.2389926020759 110.0 296.6473514306017 288.2389926020759 220.0 296.6473514306017 235.70844554491782 220.0 280.3519034197092 0.29628087292531874 0.0 -0.9551008555846923
 0.0 0.0 0.0 0.8 0.8 0.8
235.70844554491782 220.0 280.3519034197092 288.2389926020759 220.0 296.6473514306017 288.2389926020759 330.0 296.6473514306017 235.70844554491782 330.0 280.3519034197092 0.29628087292531874 0.0 -0.9551008555846923
 0.0 0.0 0.0 0.8 0.8 0.8
81.76100739792409 0.0 405.3526485693983 134.29155445508218 0.0 421.6480965802908 134.29155445508218 110.0 421.6480965802908 81.76100739792409 110.0 405.3526485693983 -0.29628087292531874 0.0 0.9551008555846923
 0.0 0.0 0.0 0.8 0.8 0.8
81.76100739792409 110.0 405.3526485693983 134.29155445508218 110.0 421.6480965802908 134.29155445508218 220.0 421.6480965802908 81.76100739792409 220.0 405.3526485693983 -0.29628087292531874 0.0 0.9551008555846923
 0.0 0.0 0.0 0.8 0.8 0.8
81.76100739792409 220.0 405.3526485693983 134.29155445508218 220.0 421.6480965802908 134.29155445508218 330.0 421.6480965802908 81.76100739792409 330.0 405.3526485693983 -0.29628087292531874 0.0 0.9551008555846923
 0.0 0.0 0.0 0.8 0.8 0.8
134.29155445508218 0.0 421.6480965802908 186.82210151224024 0.0 437.94354459118335 186.82210151224024 110.0 437.94354459118335 134.29155445508218 110.0 421.6480965802908 -0.29628087292531874 0.0 0.9551008555846923
 0.0 0.0 0.0 0.8 0.8 0.8
134.29155445508218 110.0 421.6480965802908 186.82210151224024 110.0 437.94354459118335 186.82210151224024 220.0 437.94354459118335 134.29155445508218 220.0 421.6480965802908 -0.29628087292531874 0.0 0.9551008555846923
 0.0 0.0 0.0 0.8 0.8 0.8
134.29155445508218 220.0 421.6480965802908 186.82210151224024 220.0 437.94354459118335 186.82210151224024 330.0 437.94354459118335 134.29155445508218 330.0 421.6480965802908 -0.29628087292531874 0.0 0.9551008555846923
 0.0 0.0 0.0 0.8 0.8 0.8
186.82210151224024 0.0 437.94354459118335 239.35264856939833 0.0 454.2389926020759 239.35264856939833 110.0 454.2389926020759 186.82210151224024 110.0 437.94354459118335 -0.29628087292531874 0.0 0.9551008555846923
 0.0 0.0 0.0 0.8 0.8 0.8
186.82210151224024 110.0 437.94354459118335 239.35264856939833 110.0 454.2389926020759 239.35264856939833 220.0 454.2389926020759 186.82210151224024 220.0 437.94354459118335 -0.29628087292531874 0.0 0.9551008555846923
 0.0 0.0 0.0 0.8 0.8 0.8
186.82210151224024 220.0 437.94354459118335 239.35264856939833 220.0 454.2389926020759 239.35264856939833 330.0 454.2389926020759 186.82210151224024 330.0 437.94354459118335 -0.29628087292531874 0.0 0.9551008555846923
 0.0 0.0 0.0 0.8 0.8 0.8
81.76100739792409 0.0 405.3526485693983 98.05645540881662 0.0 352.82210151224024 98.05645540881662 110.0 352.82210151224024 81.76100739792409 110.0 405.3526485693983 -0.9551008555846923 0.0 -0.29628087292531874
 0.0 0.0 0.0 0.8 0.8 0.8
98.05645540881662 0.0 352.82210151224024 114.35190341970915 0.0 300.2915544550822 114.35190341970915 110.0 300.2915544550822 98.05645540881662 110.0 352.82210151224024 -0.9551008555846923 0.0 -0.29628087292531874
 0.0 0.0 0.0 0.8 0.8 0.8
114.35190341970915 0.0 300.2915544550822 130.64735143060167 0.0 247.7610073979241 130.64735143060167 110.0 247.7610073979241 114.35190341970915 110.0 300.2915544550822 -0.9551008555846923 0.0 -0.29628087292531874
 0.0 0.0 0.0 0.8 0.8 0.8
81.76100739792409 110.0 405.3526485693983 98.05645540881662 110.0 352.82210151224024 98.05645540881662 220.0 352.82210151224024 81.76100739792409 220.0 405.3526485693983 -0.9551008555846923 0.0 -0.29628087292531874
 0.0 0.0 0.0 0.8 0.8 0.8
98.05645540881662 110.0 352.82210151224024 114.35190341970915 110.0 300.2915544550822 114.35190341970915 220.0 300.2915544550822 98.05645540881662 220.0 352.82210151224024 -0.9551008555846923 0.0 -0.29628087292531874
 0.0 0.0 0.0 0.8 0.8 0.8
114.35190341970915 110.0 300.2915544550822 130.64735143060167 110.0 247.7610073979241 130.64735143060167 220.0 247.7610073979241 114.35190341970915 220.0 300.2915544550822 -0.9551008555846923 0.0 -0.29628087292531874
 0.0 0.0 0.0 0.8 0.8 0.8
81.76100739792409 220.0 405.3526485693983 98.05645540881662 220.0 352.82210151224024 98.05645540881662 330.0 352.82210151224024 81.76100739792409 330.0 405.3526485693983 -0.9551008555846923 0.0 -0.29628087292531874
 0.0 0.0 0.0 0.8 0.8 0.8
98.05645540881662 220.0 352.82210151224024 114.35190341970915 220.0 300.2915544550822 114.35190341970915 330.0 300.2915544550822 98.05645540881662 330.0 352.82210151224024 -0.9551008555846923 0.0 -0.29628087292531874
 0.0 0.0 0.0 0.8 0.8 0.8
114.35190341970915 220.0 300.2915544550822 130.64735143060167 220.0 247.7610073979241 130.64735143060167 330.0 247.7610073979241 114.35190341970915 330.0 300.2915544550822 -0.9551008555846923 0.0 -0.29628087292531874
 0.0 0.0 0.0 0.8 0.8 0.8
239.35264856939833 0.0 454.2389926020759 255.64809658029085 0.0 401.7084455449178 255.64809658029085 110.0 401.7084455449178 239.35264856939833 110.0 454.2389926020759 0.9551008555846923 0.0 0.29628087292531874
 0.0 0.0 0.0 0.8 0.8 0.8
255.64809658029085 0.0 401.7084455449178 271.94354459118335 0.0 349.17789848775976 271.94354459118335 110.0 349.17789848775976 255.64809658029085 110.0 401.7084455449178 0.9551008555846923 0.0 0.29628087292531874
 0.0 0.0 0.0 0.8 0.8 0.8
271.94354459118335 0.0 349.17789848775976 288.2389926020759 0.0 296.6473514306017 288.2389926020759 110.0 296.6473514306017 271.94354459118335 110.0 349.17789848775976 0.9551008555846923 0.0 0.29628087292531874
 0.0 0.0 0.0 0.8 0.8 0.8
239.35264856939833 110.0 454.2389926020759 255.64809658029085 110.0 401.7084455449178 255.64809658029085 220.0 401.7084455449178 239.35264856939833 220.0 454.2389926020759 0.9551008555846923 0.0 0.29628087292531874
 0.0 0.0 0.0 0.8 0.8 0.8
255.64809658029085 110.0 401.7084455449178 271.94354459118335 110.0 349.17789848775976 271.94354459118335 220.0 349.17789848775976 255.64809658029085 220.0 401.7084455449178 0.9551008555846923 0.0 0.29628087292531874
 0.0 0.0 0.0 0.8 0.8 0.8
271.94354459118335 110.0 349.17789848775976 288.2389926020759 110.0 296.6473514306017 288.2389926020759 220.0 296.6473514306017 271.94354459118335 220.0 349.17789848775976 0.9551008555846923 0.0 0.29628087292531874
 0.0 0.0 0.0 0.8 0.8 0.8
239.35264856939833 220.0 454.2389926020759 255.64809658029085 220.0 401.7084455449178 255.64809658029085 330.0 401.7084455449178 239.35264856939833 330.0 454.2389926020759 0.9551008555846923 0.0 0.29628087292531874
 0.0 0.0 0.0 0.8 0.8 0.8
255.64809658029085 220.0 401.7084455449178 271.94354459118335 220.0 349.17789848775976 271.94354459118335 330.0 349.17789848775976 255.64809658029085 330.0 401.7084455449178 0.9551008555846923 0.0 0.29628087292531874
 0.0 0.0 0.0 0.8 0.8 0.8
271.94354459118335 220.0 349.17789848775976 288.2389926020759 220.0 296.6473514306017 288.2389926020759 330.0 296.6473514306017 271.94354459118335 330.0 349.17789848775976 0.9551008555846923 0.0 0.29628087292531874
 0.0 0.0 0.0 0.8 0.8 0.8
81.76100739792409 330.0 405.3526485693983 98.05645540881662 330.0 352.82210151224024 150.5870024659747 330.0 369.11754952313277 134.29155445508218 330.0 421.6480965802908 0.0 1.0 0.0
 0.0 0.0 0.0 0.8 0.8 0.8
98.05645540881662 330.0 352.82210151224024 114.35190341970915 330.0 300.2915544550822 166.88245047686723 330.0 316.5870024659747 150.5870024659747 330.0 369.11754952313277 0.0 1.0 0.0
 0.0 0.0 0.0 0.8 0.8 0.8
114.35190341970915 330.0 300.2915544550822 130.64735143060167 330.0 247.7610073979241 183.17789848775976 330.0 264.05645540881665 166.88245047686723 330.0 316.5870024659747 0.0 1.0 0.0
 0.0 0.0 0.0 0.8 0.8 0.8
134.29155445508218 330.0 421.6480965802908 150.5870024659747 330.0 369.11754952313277 203.11754952313277 330.0 385.4129975340253 186.82210151224024 330.0 437.94354459118335 0.0 1.0 0.0
 0.0 0.0 0.0 0.8 0.8 0.8
150.5870024659747 330.0 369.11754952313277 166.88245047686723 330.0 316.5870024659747 219.4129975340253 330.0 332.88245047686723 203.11754952313277 330.0 385.4129975340253 0.0 1.0 0.0
 0.0 0.0 0.0 0.8 0.8 0.8
166.88245047686723 330.0 316.5870024659747 183.17789848775976 330.0 264.05645540881665 235.70844554491782 330.0 280.3519034197092 219.4129975340253 330.0 332.88245047686723 0.0 1.0 0.0
 0.0 0.0 0.0 0.8 0.8 0.8
186.82210151224024 330.0 437.94354459118335 203.11754952313277 330.0 385.4129975340253 255.64809658029085 330.0 401.7084455449178 239.35264856939833 330.0 454.2389926020759 0.0 1.0 0.0
 0.0 0.0 0.0 0.8 0.8 0.8
203.11754952313277 330.0 385.4129975340253 219.4129975340253 330.0 332.88245047686723 271.94354459118335 330.0 349.17789848775976 255.64809658029085 330.0 401.7084455449178 0.0 1.0 0.0
 0.0 0.0 0.0 0.8 0.8 0.8
219.4129975340253 330.0 332.88245047686723 235.70844554491782 330.0 280.3519034197092 288.2389926020759 330.0 296.6473514306017 271.94354459118335 330.0 349.17789848775976 0.0 1.0 0.0
 0.0 0.0 0.0 0.8 0.8 0.8
